,ts_code,trade_date,increase,rs,decrease
57,600809.SH,20040202,1.100689655172414,-1.8501793645056397,1.0096551724137932
76,600809.SH,20080919,1.1002865329512892,0.6457841739598087,0.9837631327602674
89,600809.SH,20150709,1.0998851894374282,-84.82645924718241,1.0045924225028702
100,600809.SH,20210310,1.0997920265078078,-30.38825207918947,0.9975677676336847
88,600809.SH,20150708,1.099747474747475,-396.6394989976138,0.9002525252525252
90,600809.SH,20150710,1.0965553235908143,-11.57356731036824,0.9916492693110647
91,600809.SH,20160503,1.0864135864135864,-2.1200506453425416,1.0234765234765235
69,600809.SH,20060612,1.085177733065057,-0.07674706638284201,0.9993293091884642
29,600809.SH,20000128,1.0835820895522388,-18.079521339658125,1.0044776119402985
85,600809.SH,20141110,1.0828729281767955,-11.529625820742417,1.016574585635359
84,600809.SH,20140714,1.079020979020979,-7.531346001994375,0.9860139860139859
51,600809.SH,20021128,1.078616352201258,-2.5694451512105494,0.990566037735849
104,600809.SH,20220825,1.076086956521739,-8.273260535650014,1.016304347826087
45,600809.SH,20011023,1.0723192019950125,-5.876650082995431,1.0124688279301746
8,600809.SH,19980508,1.0720588235294117,-17.784920977451346,0.9779411764705883
71,600809.SH,20070108,1.0686241037896893,-39.74046338360863,0.9832707408671902
23,600809.SH,19990714,1.0683760683760684,-12.006463775922434,0.9586894586894588
70,600809.SH,20061129,1.0674931129476584,-8.851331575282547,1.0
79,600809.SH,20090401,1.0582010582010581,-109.39296302622665,1.0052910052910053
68,600809.SH,20060515,1.054897739504844,-9.726859528624164,0.8998923573735199
7,600809.SH,19980424,1.0548128342245988,-13.116180353621502,0.9304812834224598
78,600809.SH,20090223,1.054320987654321,-12.966142943766702,0.9876543209876544
31,600809.SH,20000414,1.0507152145643692,-20.007243205158314,0.9908972691807542
99,600809.SH,20210210,1.0483158226991929,-41.21498945324148,1.0015782116607295
59,600809.SH,20040914,1.047872340425532,-1.3533495256065433,0.9840425531914894
12,600809.SH,19980805,1.0446153846153847,-72.84309196786218,1.0046153846153847
1,600809.SH,19970711,1.0440917107583774,-0.9436022155002026,0.9735449735449735
20,600809.SH,19990519,1.0436363636363637,-6.459228423048392,0.9945454545454545
21,600809.SH,19990601,1.0426540284360188,-122.2234280548839,0.9510268562401263
74,600809.SH,20080424,1.042452830188679,-0.4210503311204359,0.9669811320754715
77,600809.SH,20081022,1.042,-1.1589177421311643,0.961
73,600809.SH,20080407,1.0414769853313102,0.74196113065245,0.9964592817400101
2,600809.SH,19970807,1.0411764705882354,-32.86081668251216,0.9779411764705883
47,600809.SH,20020125,1.04,0.47829444799099863,0.97
19,600809.SH,19990405,1.0394944707740916,-2.729458307973226,0.995260663507109
26,600809.SH,19991213,1.0388059701492538,-211.82307342170128,0.9865671641791045
82,600809.SH,20140313,1.0384174311926604,-4.007897364652127,0.9982798165137614
80,600809.SH,20091130,1.0382345999527969,-54.763141570805615,0.9676658012744868
27,600809.SH,20000106,1.036641221374046,0.13437165575232413,1.0045801526717557
54,600809.SH,20030411,1.0364431486880465,-213.66166261081761,0.9985422740524781
103,600809.SH,20220412,1.0323958704165184,-30.633446879864053,0.9809738538823622
35,600809.SH,20000807,1.0307881773399015,-58.593641453149104,0.9963054187192119
22,600809.SH,19990629,1.0301837270341208,-5.79408634079057,0.9514435695538057
101,600809.SH,20210316,1.0285071019435157,0.035979204036235224,0.9488461411118101
64,600809.SH,20051107,1.0278514588859415,-149.60772084771727,0.9814323607427056
86,600809.SH,20141201,1.0277379244380678,-10.646118379128147,0.9708273553323769
9,600809.SH,19980521,1.0264705882352942,-26.264159905758948,1.0
75,600809.SH,20080512,1.0253104106972302,-6.869224779124913,0.943170964660936
42,600809.SH,20010223,1.0241343126967473,-21.702730481519332,1.0010493179433368
5,600809.SH,19980209,1.0235640648011781,-39.33863100343054,0.9602356406480117
44,600809.SH,20010612,1.0235294117647058,-10.464433576111531,0.9983193277310924
15,600809.SH,19990107,1.0226415094339623,-11.903373460887124,0.9962264150943397
48,600809.SH,20020624,1.022346368715084,-1.4057258650184732,0.969832402234637
38,600809.SH,20001009,1.0216894977168949,-1.8038749803078464,0.9931506849315068
96,600809.SH,20200305,1.0202655485674355,-9.076985584924557,0.9572726365179195
24,600809.SH,19990803,1.0201660735468565,-5.041591976593544,0.9727164887307236
87,600809.SH,20150121,1.019679633867277,-122.15663400031767,0.9917620137299771
102,600809.SH,20211223,1.0194066910611606,-30.107744839853122,0.9938578149503398
16,600809.SH,19990118,1.017857142857143,-13.228145428846199,0.9767857142857143
0,600809.SH,19970602,1.0165517241379312,-0.004860843247523894,0.9668965517241379
65,600809.SH,20051207,1.0164383561643835,-347.2303549713356,0.9863013698630138
46,600809.SH,20011226,1.0163934426229508,-11.104604928368724,0.9848675914249685
72,600809.SH,20080204,1.0161290322580645,-9.366784133410796,0.967741935483871
94,600809.SH,20190124,1.0157894736842106,-48.68269865776712,0.9921052631578948
43,600809.SH,20010228,1.0154639175257731,-35.45616067979895,0.9989690721649485
3,600809.SH,19971125,1.0152542372881355,-80.09070159686473,0.9847457627118643
34,600809.SH,20000710,1.0149051490514907,-11.572545400255127,0.9959349593495934
36,600809.SH,20000828,1.0142543859649125,-46.063676674786976,0.9857456140350879
6,600809.SH,19980317,1.0135135135135136,0.3578391668384041,0.9881756756756757
67,600809.SH,20051223,1.012820512820513,-68.46775008747652,0.9935897435897436
40,600809.SH,20010105,1.012807881773399,-21.868324056302992,0.980295566502463
17,600809.SH,19990127,1.0127272727272727,-197.8982311514583,0.9672727272727273
13,600809.SH,19980820,1.0126126126126127,-26.7500098998521,0.9693693693693693
30,600809.SH,20000413,1.011842105263158,-76.67061246255508,0.9815789473684211
25,600809.SH,19990827,1.010989010989011,-20.879194630872547,0.9593406593406594
41,600809.SH,20010214,1.0103092783505156,-1.0528190921081406,0.943298969072165
95,600809.SH,20190318,1.01,-2.2329269625954846,0.9608333333333333
37,600809.SH,20000911,1.0093023255813953,-9.62471774517071,0.986046511627907
18,600809.SH,19990329,1.0089605734767024,-30.386476147614875,0.985663082437276
14,600809.SH,19980907,1.0089285714285716,-0.38215789796069677,0.9750000000000001
63,600809.SH,20050926,1.0086848635235732,-8.589484608603886,0.9739454094292803
39,600809.SH,20001108,1.0086021505376344,-172.934132496116,0.9838709677419355
60,600809.SH,20041027,1.0083333333333333,-0.45935584799594364,0.9833333333333334
32,600809.SH,20000518,1.0071428571428571,0.21602682496141357,0.9842857142857142
98,600809.SH,20200728,1.0057471264367817,-24.069613510040625,0.9646551724137931
52,600809.SH,20030219,1.0056899004267426,-150.4545674384862,0.9928876244665719
97,600809.SH,20200428,1.0049427917620137,-20.56424151529729,0.9249427917620137
62,600809.SH,20050805,1.0041666666666667,-82.8369900926559,0.986111111111111
66,600809.SH,20051214,1.0038610038610039,-4.132153929658967,0.9832689832689833
10,600809.SH,19980612,1.0029717682020802,-19.788753046870553,0.962852897473997
33,600809.SH,20000628,1.0025706940874035,-3.4969918792579904,0.9640102827763496
4,600809.SH,19971126,1.001669449081803,-17.81403046813354,0.9682804674457428
55,600809.SH,20030522,1.001492537313433,-0.3327462786361499,0.9895522388059701
92,600809.SH,20190111,1.0002827254735653,-17.894442415327752,0.9669211195928755
56,600809.SH,20030804,1.0,-6.498912555785017,0.9878419452887538
53,600809.SH,20030324,1.0,-0.07063976275824468,0.9851851851851853
50,600809.SH,20020828,1.0,-3.522447947932223,0.9835294117647058
49,600809.SH,20020814,1.0,-20.853087772032005,0.9879518072289155
28,600809.SH,20000117,1.0,-22.16886208884523,0.9610570236439498
61,600809.SH,20041222,1.0,-8.815149572895617,0.9789644012944984
83,600809.SH,20140702,0.9992520568436799,-36.39482840320318,0.9887808526551983
81,600809.SH,20121114,0.9990485252140818,-28.05585550670717,0.9612274024738344
58,600809.SH,20040816,0.9982905982905983,-62.66207163102283,0.9675213675213676
93,600809.SH,20190115,0.9944459137794234,0.3526506580820685,0.9682623644538482
11,600809.SH,19980624,0.9924812030075187,-10.164960055631912,0.9774436090225563
