,ts_code,trade_date,increase,rs,next_th,decrease,win
0,600809.SH,20080904,0.9850327408793265,-3.083616712403674,13.059999999999992,0.9635173058933584,True
1,600809.SH,20181119,0.9939112786314873,-0.26865025622760363,45.482857142857135,0.9596984633227023,True
2,600809.SH,20150804,1.0,-8.909098841851392,29.06,0.9679197994987468,True
3,600809.SH,20120706,1.0016936849745948,-7.432100355686911,71.84307692307694,0.979917735301234,True
4,600809.SH,20181113,1.0038416075650116,-0.7763033154964549,43.86258064516129,0.978723404255319,True
5,600809.SH,20120821,1.0045237496858508,-0.8254080049681152,66.09333333333335,0.975119376727821,True
6,600809.SH,20120815,1.0047428856714926,-0.36186888997247824,64.97230769230771,0.9648027958062905,True
7,600809.SH,20210708,1.008849557522124,-801.1640908559162,423.6799999999999,0.9203539823008849,True
8,600809.SH,20151012,1.011056511056511,-1.1775825189244742,19.794,0.9895577395577394,True
9,600809.SH,20120614,1.011682242990654,-7149.419133768454,75.52384615384616,0.9750778816199377,True
10,600809.SH,19980727,1.0127591706539074,-1.0887633189757464,7.68,0.9665071770334929,True
11,600809.SH,20150810,1.0162082514734776,-4.631406075271595,28.99,0.9837917485265226,True
12,600809.SH,20150713,1.0185714285714287,-275.42935026716145,29.34,0.9242857142857143,True
13,600809.SH,20120809,1.0193729288809585,-0.11357058732087721,65.95384615384617,0.9890390007647208,True
14,600809.SH,20151016,1.0199395770392747,-0.8391559566083562,20.69,0.9679758308157099,True
15,600809.SH,20150723,1.0213399503722085,-31.03110093618543,29.2,0.9662531017369728,True
16,600809.SH,19980904,1.0216998191681737,-11.34773288142516,6.743333333333333,0.9909584086799277,True
17,600809.SH,20180926,1.0237994050148747,0.5686880248646229,62.68500000000001,0.9902252443688908,True
18,600809.SH,20150814,1.0252725470763133,-2.596560471705278,28.919999999999998,0.9767096134786918,True
19,600809.SH,20080430,1.0257966616084977,-0.20261134213000753,30.127777777777773,0.9807789580171978,True
20,600809.SH,19980907,1.0267857142857144,-8.966078217301803,6.7411111111111115,0.9750000000000001,True
21,600809.SH,20120702,1.029957910373855,-22.06245038726516,72.8246153846154,0.9754889824213914,True
22,600809.SH,20210917,1.0310547244839992,-0.551812790267779,404.51999999999987,0.9626964590039765,True
23,600809.SH,19980723,1.0327868852459017,-1.6531551597557295,7.68,1.0,True
24,600809.SH,20210907,1.0400448839329546,0.4606932287494292,395.96999999999883,0.9643032470720246,True
25,600809.SH,20150803,1.0415584415584416,-10.925288555636465,29.0775,0.991168831168831,True
26,600809.SH,20120803,1.050338294993234,0.032859322685258596,66.93538461538463,0.9886332882273342,True
27,600809.SH,20150717,1.0512552301255231,-78.74769681263133,29.27,0.9848326359832634,True
28,600809.SH,20150807,1.0523906408952188,-5.542307116418756,29.0075,0.9944048830111902,True
29,600809.SH,20120806,1.052880820836622,0.003028621252595287,66.69000000000001,0.9910549855301237,True
30,600809.SH,20080429,1.055700156168662,-0.2824656649218775,29.43428571428571,0.9734513274336283,True
31,600809.SH,20151008,1.0564826700898589,-2.058805511170572,19.85,0.9929396662387677,True
32,600809.SH,20080408,1.058467741935484,-7.120422994182277,28.876216216216214,0.9732862903225806,True
33,600809.SH,20080407,1.062215477996965,-11.928483454503695,29.067027027027024,0.9964592817400101,True
34,600809.SH,20151020,1.0820451843043994,-0.7560463299980222,20.69,0.9476813317479191,True
35,600809.SH,20120629,1.1037410453701249,-31.13077324320772,73.07000000000001,0.9787742106659593,True
36,600809.SH,20150710,1.1163883089770354,-541.6330734444932,29.3575,0.9916492693110647,True
37,600809.SH,20181130,1.126917712691771,0.08668016136260182,45.30999999999999,1.0069735006973501,True
38,600809.SH,20080424,1.1344339622641508,-1.0010717772098152,29.239999999999995,0.9669811320754715,True
39,600809.SH,20080428,1.1374088614694338,-0.3859311145788553,29.041379310344823,1.0050476724621427,True
40,600809.SH,20181129,1.156379821958457,0.15383605039361858,45.37999999999999,0.988427299703264,True
41,600809.SH,20080425,1.175029171528588,-0.5986172960669425,29.14068965517241,0.9509918319719953,True
42,600809.SH,20080423,1.1776913099870299,-68.80604571190155,29.33931034482758,1.0376134889753568,True
43,600809.SH,20181128,1.1866626065773445,0.17554797261924748,44.89285714285714,1.0076126674786845,True
